

/Gem Systems GSM-19GW 9013065 v7.0 8 XII 2008 M ew5fpl.v7s                         
/ID 1 file 05survey.b   15 II 00
/datum  57000.00
/
/time nT sq 
011032.0  32602.14 99 
011042.0  32601.95 99 
011052.0  32602.11 99 
011102.0  32602.09 99 
011112.0  32602.66 99 
011122.0  32602.62 99 
011132.0  32602.86 99 
011142.0  32603.45 99 
011152.0  32602.74 99 
011202.0  32602.74 99 
011212.0  00000.00 01 
011222.0  00000.00 00 
011232.0  00000.00 01 
011242.0  32602.81 99 
011252.0  32602.85 99 
011302.0  32602.81 99 
011312.0  32602.77 99 
011322.0  32602.71 99 
011332.0  32602.75 99 
011342.0  32599.59 99 
011352.0  32601.77 99 
011402.0  32601.76 99 
011412.0  32601.69 99 
011422.0  32602.01 99 
011432.0  32605.01 99 
011442.0  32605.19 99 
011452.0  32605.81 99 
011502.0  32605.80 99 
011512.0  32605.88 99 
011522.0  32606.01 99 
011532.0  32606.11 99 
011542.0  32606.20 99 
011552.0  32606.17 99 
011602.0  32606.10 99 
011612.0  32605.81 99 
011622.0  32605.89 99 
011632.0  32606.98 99 
011642.0  32607.04 99 
011652.0  32606.63 99 
011702.0  32605.87 99 
011712.0  32606.02 99 
011722.0  32606.11 99 
011732.0  32605.98 99 
011742.0  32605.97 99 
011752.0  32605.99 99 
011802.0  32606.03 99 
011812.0  32606.20 99 
011822.0  32606.31 99 
011832.0  32606.32 99 
011842.0  32606.25 99 
011852.0  32606.24 99 
011902.0  32606.35 99 
011912.0  32606.37 99 
011922.0  32606.36 99 
011932.0  32606.36 99 
011942.0  32606.30 99 
011952.0  32606.30 99 
012002.0  32606.35 99 
012012.0  32606.47 99 
012022.0  32606.48 99 
012032.0  32606.56 99 
012042.0  32606.59 99 
012052.0  32606.55 99 
012102.0  32606.55 99 
012112.0  32606.62 99 
012122.0  32606.59 99 
012132.0  32606.64 99 
012142.0  32606.66 99 
012152.0  32606.69 99 
012202.0  32606.75 99 
012212.0  32606.78 99 
012222.0  32606.69 99 
012232.0  32606.75 99 
012242.0  32606.68 99 
012252.0  32606.66 99 
012302.0  32606.66 99 
012312.0  32606.64 99 
012322.0  32606.66 99 
012332.0  32606.78 99 
012342.0  32606.79 99 
012352.0  32606.79 99 
012402.0  32606.80 99 
012412.0  32606.83 99 
012422.0  32606.87 99 
012432.0  32606.91 99 
012442.0  32606.94 99 
012452.0  32606.92 99 
012502.0  32606.85 99 
012512.0  32606.84 99 
012522.0  32606.88 99 
012532.0  32606.95 99 
012542.0  32606.97 99 
012552.0  32606.91 99 
012602.0  32606.86 99 
012612.0  32606.93 99 
012622.0  32606.99 99 
012632.0  32607.05 99 
012642.0  32607.08 99 
012652.0  32607.06 99 
012702.0  32607.10 99 
012712.0  32607.22 99 
012722.0  32607.28 99 
012732.0  32607.38 99 
012742.0  32607.31 99 
012752.0  32607.44 99 
012802.0  32607.41 99 
012812.0  32607.32 99 
012822.0  32607.35 99 
012832.0  32607.43 99 
012842.0  32607.52 99 
012852.0  32607.42 99 
012902.0  32607.50 99 
012912.0  32607.50 99 
012922.0  32607.49 99 
012932.0  32607.56 99 
012942.0  32607.55 99 
012952.0  32607.61 99 
013002.0  32607.68 99 
013012.0  32607.73 99 
013022.0  32607.71 99 
013032.0  32607.78 99 
013042.0  32607.80 99 
013052.0  32607.75 99 
013102.0  32607.67 99 
013112.0  32607.77 99 
013122.0  32607.75 99 
013132.0  32607.71 99 
013142.0  32607.78 99 
013152.0  32607.81 99 
013202.0  32607.82 99 
013212.0  32607.85 99 
013222.0  32607.90 99 
013232.0  32607.92 99 
013242.0  32607.90 99 
013252.0  32607.92 99 
013302.0  32607.83 99 
013312.0  32607.97 99 
013322.0  32607.90 99 
013332.0  32607.85 99 
013342.0  32607.85 99 
013352.0  32607.91 99 
013402.0  32607.95 99 
013412.0  32608.01 99 
013422.0  32608.07 99 
013432.0  32608.04 99 
013442.0  32608.01 99 
013452.0  32608.00 99 
013502.0  32607.91 99 
013512.0  32607.87 99 
013522.0  32607.98 99 
013532.0  32607.88 99 
013542.0  32607.95 99 
013552.0  32607.94 99 
013602.0  32607.86 99 
013612.0  32607.85 99 
013622.0  32607.81 99 
013632.0  32607.86 99 
013642.0  32607.94 99 
013652.0  32607.95 99 
013702.0  32607.92 99 
013712.0  32607.90 99 
013722.0  32607.99 99 
013732.0  32607.94 99 
013742.0  32607.98 99 
013752.0  32607.98 99 
013802.0  32607.90 99 
013812.0  32608.06 99 
013822.0  32608.07 99 
013832.0  32608.20 99 
013842.0  32608.18 99 
013852.0  32608.20 99 
013902.0  32608.29 99 
013912.0  32608.28 99 
013922.0  32608.36 99 
013932.0  32608.36 99 
013942.0  32608.44 99 
013952.0  32608.40 99 
014002.0  32608.46 99 
014012.0  32608.55 99 
014022.0  32608.52 99 
014032.0  32608.42 99 
014042.0  32608.61 99 
014052.0  32608.52 99 
014102.0  32608.69 99 
014112.0  32608.64 99 
014122.0  32608.58 99 
014132.0  32608.63 99 
014142.0  32608.71 99 
014152.0  32608.78 99 
014202.0  32608.83 99 
014212.0  32608.84 99 
014222.0  32608.79 99 
014232.0  32608.85 99 
014242.0  32608.92 99 
014252.0  32608.95 99 
014302.0  32609.06 99 
014312.0  32609.02 99 
014322.0  32609.03 99 
014332.0  32608.98 99 
014342.0  32609.02 99 
014352.0  32609.11 99 
014402.0  32609.08 99 
014412.0  32609.07 99 
014422.0  32609.00 99 
014432.0  32609.02 99 
014442.0  32609.01 99 
014452.0  32609.11 99 
014502.0  32609.10 99 
014512.0  32609.15 99 
014522.0  32609.14 99 
014532.0  32609.18 99 
014542.0  32609.06 99 
014552.0  32609.07 99 
014602.0  32609.11 99 
014612.0  32609.16 99 
014622.0  32609.06 99 
014632.0  32609.16 99 
014642.0  32609.11 99 
014652.0  32609.20 99 
014702.0  32609.18 99 
014712.0  32609.22 99 
014722.0  32609.23 99 
014732.0  32609.18 99 
014742.0  32609.22 99 
014752.0  32609.29 99 
014802.0  32609.23 99 
014812.0  32609.32 99 
014822.0  32609.33 99 
014832.0  32609.22 99 
014842.0  32609.34 99 
014852.0  32609.31 99 
014902.0  32609.32 99 
014912.0  32609.31 99 
014922.0  32609.35 99 
014932.0  32609.26 99 
014942.0  32609.39 99 
014952.0  32609.36 99 
015002.0  32609.29 99 
015012.0  32609.39 99 
015022.0  32609.30 99 
015032.0  32609.36 99 
015042.0  32609.39 99 
015052.0  32609.34 99 
015102.0  32609.37 99 
015112.0  32609.44 99 
015122.0  32609.44 99 
015132.0  32609.43 99 
015142.0  32609.51 99 
015152.0  32609.45 99 
015202.0  32609.49 99 
015212.0  32609.54 99 
015222.0  32609.52 99 
015232.0  32609.49 99 
015242.0  32609.57 99 
015252.0  32609.59 99 
015302.0  32609.56 99 
015312.0  32609.56 99 
015322.0  32609.57 99 
015332.0  32609.52 99 
015342.0  32609.56 99 
015352.0  32609.62 99 
015402.0  32609.59 99 
015412.0  32609.69 99 
015422.0  32609.70 99 
015432.0  32609.66 99 
015442.0  32609.61 99 
015452.0  32609.60 99 
015502.0  32609.67 99 
015512.0  32609.70 99 
015522.0  32609.79 99 
015532.0  32609.62 99 
015542.0  32609.65 99 
015552.0  32609.66 99 
015602.0  32609.72 99 
015612.0  32609.64 99 
015622.0  32609.67 99 
015632.0  32609.74 99 
015642.0  32609.76 99 
015652.0  32609.69 99 
015702.0  32609.67 99 
015712.0  32609.74 99 
015722.0  32609.68 99 
015732.0  32609.65 99 
015742.0  32609.65 99 
015752.0  32609.64 99 
015802.0  32609.68 99 
015812.0  32609.71 99 
015822.0  32609.75 99 
015832.0  32609.67 99 
015842.0  32609.67 99 
015852.0  32609.81 99 
015902.0  32609.77 99 
015912.0  32609.69 99 
015922.0  32609.79 99 
015932.0  32609.81 99 
015942.0  32609.73 99 
015952.0  32609.87 99 
020002.0  32609.85 99 
020012.0  32609.94 99 
020022.0  32609.86 99 
020032.0  32609.97 99 
020042.0  32609.92 99 
020052.0  32609.88 99 
020102.0  32610.02 99 
020112.0  32609.97 99 
020122.0  32609.96 99 
020132.0  32609.97 99 
020142.0  32610.04 99 
020152.0  32610.05 99 
020202.0  32610.03 99 
020212.0  32610.13 99 
020222.0  32610.03 99 
020232.0  32610.10 99 
020242.0  32610.10 99 
020252.0  32610.14 99 
020302.0  32610.22 99 
020312.0  32610.27 99 
020322.0  32610.24 99 
020332.0  32610.26 99 
020342.0  32610.20 99 
020352.0  32610.17 99 
020402.0  32610.25 99 
020412.0  32610.25 99 
020422.0  32610.24 99 
020432.0  32610.31 99 
020442.0  32610.25 99 
020452.0  32610.25 99 
020502.0  32610.26 99 
020512.0  32610.25 99 
020522.0  32610.14 99 
020532.0  32610.35 99 
020542.0  32610.43 99 
020552.0  32610.34 99 
020602.0  32610.41 99 
020612.0  32610.39 99 
020622.0  32610.38 99 
020632.0  32610.45 99 
020642.0  32610.46 99 
020652.0  32610.51 99 
020702.0  32610.51 99 
020712.0  32610.54 99 
020722.0  32610.54 99 
020732.0  32610.49 99 
020742.0  32610.62 99 
020752.0  32610.54 99 
020802.0  32610.63 99 
020812.0  32610.59 99 
020822.0  32610.57 99 
020832.0  32610.50 99 
020842.0  32610.75 99 
020852.0  32610.73 99 
020902.0  32610.71 99 
020912.0  32610.66 99 
020922.0  32610.72 99 
020932.0  32610.70 99 
020942.0  32610.76 99 
020952.0  32610.74 99 
021002.0  32610.77 99 
021012.0  32610.71 99 
021022.0  32610.77 99 
021032.0  32610.64 99 
021042.0  32610.66 99 
021052.0  32610.71 99 
021102.0  32610.71 99 
021112.0  32610.68 99 
021122.0  32610.73 99 
021132.0  32610.74 99 
021142.0  32610.73 99 
021152.0  32610.68 99 
021202.0  32610.69 99 
021212.0  32610.75 99 
021222.0  32610.77 99 
021232.0  32610.75 99 
021242.0  32610.75 99 
021252.0  32610.77 99 
021302.0  32610.75 99 
021312.0  32610.74 99 
021322.0  32610.83 99 
021332.0  32610.79 99 
021342.0  32610.77 99 
021352.0  32610.78 99 
021402.0  32610.92 99 
021412.0  32610.89 99 
021422.0  32610.93 99 
021432.0  32610.99 99 
021442.0  32610.96 99 
021452.0  32610.94 99 
021502.0  32610.92 99 
021512.0  32610.99 99 
021522.0  32611.06 99 
021532.0  32611.11 99 
021542.0  32611.06 99 
021552.0  32611.08 99 
021602.0  32611.07 99 
021612.0  32611.07 99 
021622.0  32611.13 99 
021632.0  32611.12 99 
021642.0  32611.12 99 
021652.0  32611.13 99 
021702.0  32611.11 99 
021712.0  32611.14 99 
021722.0  32611.11 99 
021732.0  32611.20 99 
021742.0  32611.14 99 
021752.0  32611.17 99 
021802.0  32611.16 99 
021812.0  32611.17 99 
021822.0  32611.19 99 
021832.0  32611.27 99 
021842.0  32611.12 99 
021852.0  32611.15 99 
021902.0  32611.15 99 
021912.0  32611.11 99 
021922.0  32611.04 99 
021932.0  32611.20 99 
021942.0  32611.14 99 
021952.0  32611.10 99 
022002.0  32611.17 99 
022012.0  32611.14 99 
022022.0  32611.08 99 
022032.0  32611.09 99 
022042.0  32611.08 99 
022052.0  32611.03 99 
022102.0  32611.17 99 
022112.0  32611.12 99 
022122.0  32611.10 99 
022132.0  32611.14 99 
022142.0  32611.20 99 
022152.0  32611.22 99 
022202.0  32611.15 99 
022212.0  32611.14 99 
022222.0  32611.22 99 
022232.0  32611.25 99 
022242.0  32611.17 99 
022252.0  32611.27 99 
022302.0  32611.26 99 
022312.0  32611.26 99 
022322.0  32611.30 99 
022332.0  32611.31 99 
022342.0  32611.29 99 
022352.0  32611.34 99 
022402.0  32611.38 99 
022412.0  32611.40 99 
022422.0  32611.41 99 
022432.0  32611.41 99 
022442.0  32611.39 99 
022452.0  32611.40 99 
022502.0  32611.42 99 
022512.0  32611.40 99 
022522.0  32611.38 99 
022532.0  32611.41 99 
022542.0  32611.40 99 
022552.0  32611.61 99 
022602.0  32611.57 99 
022612.0  32611.43 99 
022622.0  32611.41 99 
022632.0  32611.48 99 
022642.0  32611.46 99 
022652.0  32611.38 99 
022702.0  32611.49 99 
022712.0  32611.47 99 
022722.0  32611.46 99 
022732.0  32611.46 99 
022742.0  32611.44 99 
022752.0  32611.50 99 
022802.0  32611.38 99 
022812.0  32611.39 99 
022822.0  32611.46 99 
022832.0  32611.35 99 
022842.0  32611.43 99 
022852.0  32611.33 99 
022902.0  32611.25 99 
022912.0  32611.30 99 
022922.0  32611.37 99 
022932.0  32611.36 99 
022942.0  32611.42 99 
022952.0  32611.44 99 
023002.0  32611.35 99 
023012.0  32611.35 99 
023022.0  32611.42 99 
023032.0  32611.46 99 
023042.0  32611.35 99 
023052.0  32611.37 99 
023102.0  32611.38 99 
023112.0  32611.40 99 
023122.0  32611.50 99 
023132.0  32611.46 99 
023142.0  32611.45 99 
023152.0  32611.46 99 
023202.0  32611.48 99 
023212.0  32611.54 99 
023222.0  32611.55 99 
023232.0  32611.53 99 
023242.0  32611.56 99 
023252.0  32611.67 99 
023302.0  32611.72 99 
023312.0  32611.81 99 
023322.0  32611.81 99 
023332.0  32611.78 99 
023342.0  32611.78 99 
023352.0  32611.83 99 
023402.0  32611.87 99 
023412.0  32611.82 99 
023422.0  32611.84 99 
023432.0  32611.93 99 
023442.0  32611.97 99 
023452.0  32612.06 99 
023502.0  32612.09 99 
023512.0  32612.06 99 
023522.0  32612.08 99 
023532.0  32612.06 99 
023542.0  32612.11 99 
023552.0  32612.06 99 
023602.0  32612.19 99 
023612.0  32612.11 99 
023622.0  32612.17 99 
023632.0  32612.13 99 
023642.0  32612.10 99 
023652.0  32612.13 99 
023702.0  32612.15 99 
023712.0  32612.18 99 
023722.0  32612.10 99 
023732.0  32612.15 99 
023742.0  32612.06 99 
023752.0  32612.15 99 
023802.0  32612.17 99 
023812.0  32612.07 99 
023822.0  32612.14 99 
023832.0  32612.11 99 
023842.0  32612.16 99 
023852.0  32612.14 99 
023902.0  32612.17 99 
023912.0  32612.15 99 
023922.0  32612.14 99 
023932.0  32612.13 99 
023942.0  32612.07 99 
023952.0  32612.06 99 
024002.0  32612.09 99 
024012.0  32612.16 99 
024022.0  32612.14 99 
024032.0  32612.13 99 
024042.0  32612.23 99 
024052.0  32612.20 99 
024102.0  32612.17 99 
024112.0  32612.23 99 
024122.0  32612.28 99 
024132.0  32612.13 99 
024142.0  32612.30 99 
024152.0  32612.25 99 
024202.0  32612.26 99 
024212.0  32612.34 99 
024222.0  32612.35 99 
024232.0  32612.44 99 
024242.0  32612.48 99 
024252.0  32612.50 99 
024302.0  32612.43 99 
024312.0  32612.39 99 
024322.0  32612.54 99 
024332.0  32612.54 99 
024342.0  32612.46 99 
024352.0  32612.62 99 
024402.0  32612.52 99 
024412.0  32612.58 99 
024422.0  32612.62 99 
024432.0  32612.68 99 
024442.0  32612.71 99 
024452.0  32612.63 99 
024502.0  32612.55 99 
024512.0  32612.64 99 
024522.0  32612.63 99 
024532.0  32612.61 99 
024542.0  32612.71 99 
024552.0  32612.70 99 
024602.0  32612.64 99 
024612.0  32612.58 99 
024622.0  32612.47 99 
024632.0  32612.56 99 
024642.0  32612.66 99 
024652.0  32612.60 99 
024702.0  32612.61 99 
024712.0  32612.61 99 
024722.0  32612.56 99 
024732.0  32612.55 99 
024742.0  32612.53 99 
024752.0  32612.48 99 
024802.0  32612.55 99 
024812.0  32612.47 99 
024822.0  32612.47 99 
024832.0  32612.42 99 
024842.0  32612.50 99 
024852.0  32612.49 99 
024902.0  32612.49 99 
024912.0  32612.53 99 
024922.0  32612.46 99 
024932.0  32612.45 99 
024942.0  32612.37 99 
024952.0  32612.45 99 
025002.0  32612.48 99 
025012.0  32612.48 99 
025022.0  32612.44 99 
025032.0  32612.49 99 
025042.0  32612.30 99 
025052.0  32612.43 99 
025102.0  32612.44 99 
025112.0  32612.49 99 
025122.0  32612.63 99 
025132.0  32612.58 99 
025142.0  32612.45 99 
025152.0  32612.48 99 
025202.0  32612.52 99 
025212.0  32612.49 99 
025222.0  32612.49 99 
025232.0  32612.48 99 
025242.0  32612.53 99 
025252.0  32612.50 99 
025302.0  32612.45 99 
025312.0  32612.46 99 
025322.0  32612.58 99 
025332.0  32612.54 99 
025342.0  32612.60 99 
025352.0  32612.57 99 
025402.0  32612.59 99 
025412.0  32612.60 99 
025422.0  32612.54 99 
025432.0  32612.63 99 
025442.0  32612.62 99 
025452.0  32612.52 99 
025502.0  32612.62 99 
025512.0  32612.53 99 
025522.0  32612.54 99 
025532.0  32612.59 99 
025542.0  32612.65 99 
025552.0  32612.62 99 
025602.0  32612.72 99 
025612.0  32612.68 99 
025622.0  32612.60 99 
025632.0  32612.70 99 
025642.0  32612.67 99 
025652.0  32612.75 99 
025702.0  32612.71 99 
025712.0  32612.65 99 
025722.0  32612.72 99 
025732.0  32612.74 99 
025742.0  32612.66 99 
025752.0  32612.70 99 
025802.0  32612.66 99 
025812.0  32612.68 99 
025822.0  32612.67 99 
025832.0  32612.67 99 
025842.0  32612.74 99 
025852.0  32612.64 99 
025902.0  32612.70 99 
025912.0  32612.67 99 
025922.0  32612.74 99 
025932.0  32612.76 99 
025942.0  32612.71 99 
025952.0  32612.67 99 
030002.0  32612.61 99 
030012.0  32612.65 99 
030022.0  32612.60 99 
030032.0  32612.56 99 
030042.0  32612.62 99 
030052.0  32612.69 99 
030102.0  32612.68 99 
030112.0  32612.62 99 
030122.0  32612.58 99 
030132.0  32612.68 99 
030142.0  32612.67 99 
030152.0  32612.67 99 
030202.0  32612.65 99 
030212.0  32612.63 99 
030222.0  32612.68 99 
030232.0  32612.69 99 
030242.0  32612.65 99 
030252.0  32612.66 99 
030302.0  32612.59 99 
030312.0  32612.69 99 
030322.0  32612.67 99 
030332.0  32612.70 99 
030342.0  32612.72 99 
030352.0  32612.63 99 
030402.0  32612.72 99 
030412.0  32612.69 99 
030422.0  32612.76 99 
030432.0  32612.78 99 
030442.0  32612.64 99 
030452.0  32612.68 99 
030502.0  32612.75 99 
030512.0  32612.69 99 
030522.0  32612.74 99 
030532.0  32612.72 99 
030542.0  32612.73 99 
030552.0  32612.74 99 
030602.0  32612.72 99 
030612.0  32612.68 99 
030622.0  32612.81 99 
030632.0  32612.81 99 
030642.0  32612.79 99 
030652.0  32612.76 99 
030702.0  32612.81 99 
030712.0  32612.74 99 
030722.0  32612.78 99 
030732.0  32612.81 99 
030742.0  32612.79 99 
030752.0  32612.81 99 
030802.0  32612.86 99 
030812.0  32612.88 99 
030822.0  32612.92 99 
030832.0  32612.93 99 
030842.0  32612.97 99 
030852.0  32612.94 99 
030902.0  32612.92 99 
030912.0  32612.96 99 
030922.0  32612.96 99 
030932.0  32612.97 99 
030942.0  32612.93 99 
030952.0  32612.97 99 
031002.0  32613.01 99 
031012.0  32612.92 99 
031022.0  32612.93 99 
031032.0  32612.93 99 
031042.0  32612.94 99 
031052.0  32612.92 99 
031102.0  32612.91 99 
031112.0  32612.94 99 
031122.0  32612.92 99 
031132.0  32612.97 99 
031142.0  32612.95 99 
031152.0  32612.93 99 
031202.0  32612.95 99 
031212.0  32613.00 99 
031222.0  32612.91 99 
031232.0  32612.98 99 
031242.0  32612.99 99 
031252.0  32612.99 99 
031302.0  32612.99 99 
031312.0  32612.99 99 
031322.0  32613.03 99 
031332.0  32613.10 99 
031342.0  32613.11 99 
031352.0  32613.11 99 
031402.0  32613.06 99 
031412.0  32613.14 99 
031422.0  32613.13 99 
031432.0  32613.17 99 
031442.0  32613.27 99 
031452.0  32613.24 99 
031502.0  32613.19 99 
031512.0  32613.18 99 
031522.0  32613.24 99 
031532.0  32613.26 99 
031542.0  32613.25 99 
031552.0  32613.23 99 
031602.0  32613.20 99 
031612.0  32613.28 99 
031622.0  32613.32 99 
031632.0  32613.29 99 
031642.0  32613.36 99 
031652.0  32613.44 99 
031702.0  32613.36 99 
031712.0  32613.42 99 
031722.0  32613.43 99 
031732.0  32613.42 99 
031742.0  32613.41 99 
031752.0  32613.46 99 
031802.0  32613.49 99 
031812.0  32613.47 99 
031822.0  32613.51 99 
031832.0  32613.52 99 
031842.0  32613.58 99 
031852.0  32613.54 99 
031902.0  32613.61 99 
031912.0  32613.64 99 
031922.0  32613.63 99 
031932.0  32613.70 99 
031942.0  32613.59 99 
031952.0  32613.69 99 
032002.0  32613.64 99 
032012.0  32613.65 99 
032022.0  32613.70 99 
032032.0  32613.61 99 
032042.0  32613.67 99 
032052.0  32613.60 99 
032102.0  32613.61 99 
032112.0  32613.61 99 
032122.0  32613.56 99 
032132.0  32613.57 99 
032142.0  32613.55 99 
032152.0  32613.53 99 
032202.0  32613.50 99 
032212.0  32613.54 99 
032222.0  32613.52 99 
032232.0  32613.51 99 
032242.0  32613.56 99 
032252.0  32613.56 99 
032302.0  32613.60 99 
032312.0  32613.49 99 
032322.0  32613.46 99 
032332.0  32613.48 99 
032342.0  32613.48 99 
032352.0  32613.47 99 
032402.0  32613.61 99 
032412.0  32613.53 99 
032422.0  32613.61 99 
032432.0  32613.55 99 
032442.0  32613.52 99 
032452.0  32613.55 99 
032502.0  32613.53 99 
032512.0  32613.60 99 
032522.0  32613.63 99 
032532.0  32613.59 99 
032542.0  32613.57 99 
032552.0  32613.61 99 
032602.0  32613.61 99 
032612.0  32613.61 99 
032622.0  32613.63 99 
032632.0  32613.59 99 
032642.0  32613.73 99 
032652.0  32613.79 99 
032702.0  32613.72 99 
032712.0  32613.76 99 
032722.0  32613.86 99 
032732.0  32613.86 99 
032742.0  32613.88 99 
032752.0  32613.92 99 
032802.0  32613.89 99 
032812.0  32613.95 99 
032822.0  32613.95 99 
032832.0  32613.98 99 
032842.0  32614.04 99 
032852.0  32614.15 99 
032902.0  32614.09 99 
032912.0  32614.03 99 
032922.0  32614.03 99 
032932.0  32614.02 99 
032942.0  32614.03 99 
032952.0  32614.01 99 
033002.0  32614.10 99 
033012.0  32614.08 99 
033022.0  32614.02 99 
033032.0  32613.96 99 
033042.0  32614.00 99 
033052.0  32613.99 99 
033102.0  32613.97 99 
033112.0  32614.05 99 
033122.0  32614.07 99 
033132.0  32614.04 99 
033142.0  32614.05 99 
033152.0  32613.94 99 
033202.0  32613.91 99 
033212.0  32613.85 99 
033222.0  32613.86 99 
033232.0  32613.80 99 
033242.0  32613.79 99 
033252.0  32613.67 99 
033302.0  32613.70 99 
033312.0  32613.64 99 
033322.0  32613.59 99 
033332.0  32613.66 99 
033342.0  32613.63 99 
033352.0  32613.62 99 
033402.0  32613.63 99 
033412.0  32613.55 99 
033422.0  32613.63 99 
033432.0  32613.63 99 
033442.0  32613.67 99 
033452.0  32613.60 99 
033502.0  32613.73 99 
033512.0  32613.75 99 
033522.0  32613.80 99 
033532.0  32613.90 99 
033542.0  32613.84 99 
033552.0  32613.91 99 
033602.0  32613.95 99 
033612.0  32613.88 99 
033622.0  32613.88 99 
033632.0  32613.86 99 
033642.0  32613.90 99 
033652.0  32613.89 99 
033702.0  32613.97 99 
033712.0  32613.98 99 
033722.0  32613.98 99 
033732.0  32614.04 99 
033742.0  32613.99 99 
033752.0  32613.96 99 
033802.0  32613.93 99 
033812.0  32613.94 99 
033822.0  32613.99 99 
033832.0  32613.96 99 
033842.0  32613.93 99 
033852.0  32613.92 99 
033902.0  32613.97 99 
033912.0  32613.90 99 
033922.0  32613.87 99 
033932.0  32613.86 99 
033942.0  32613.87 99 
033952.0  32613.95 99 
034002.0  32613.83 99 
034012.0  32613.85 99 
034022.0  32613.87 99 
034032.0  32613.74 99 
034042.0  32613.72 99 
034052.0  32613.62 99 
034102.0  32613.66 99 
034112.0  32613.64 99 
034122.0  32613.55 99 
034132.0  32613.65 99 
034142.0  32613.61 99 
034152.0  32613.57 99 
034202.0  32613.60 99 
034212.0  32613.62 99 
034222.0  32613.58 99 
034232.0  32613.59 99 
034242.0  32613.51 99 
034252.0  32613.48 99 
034302.0  32613.45 99 
034312.0  32613.57 99 
034322.0  32613.46 99 
034332.0  32613.51 99 
034342.0  32613.48 99 
034352.0  32613.49 99 
034402.0  32613.53 99 
034412.0  32613.50 99 
034422.0  32613.56 99 
034432.0  32613.59 99 
034442.0  32613.52 99 
034452.0  32613.62 99 
034502.0  32613.68 99 
034512.0  32613.66 99 
034522.0  32613.58 99 
034532.0  32613.51 99 
034542.0  32613.62 99 
034552.0  32613.64 99 
034602.0  32613.60 99 
034612.0  32613.69 99 
034622.0  32613.68 99 
034632.0  32613.64 99 
034642.0  32613.51 99 
034652.0  32613.57 99 
034702.0  32613.47 99 
034712.0  32613.50 99 
034722.0  32613.42 99 
034732.0  32613.47 99 
034742.0  32613.48 99 
034752.0  32613.40 99 
034802.0  32613.45 99 
034812.0  32613.42 99 
034822.0  32613.40 99 
034832.0  32613.39 99 
034842.0  32613.49 99 
034852.0  32613.52 99 
034902.0  32613.58 99 
034912.0  32613.54 99 
034922.0  32613.46 99 
034932.0  32613.43 99 
034942.0  32613.37 99 
034952.0  32613.50 99 
035002.0  32613.54 99 
035012.0  32613.53 99 
035022.0  32613.48 99 
035032.0  32613.59 99 
035042.0  32613.48 99 
035052.0  32613.48 99 
035102.0  32613.47 99 
035112.0  32613.45 99 
035122.0  32613.41 99 
035132.0  32613.48 99 
035142.0  32613.45 99 
035152.0  32613.54 99 
035202.0  32613.42 99 
035212.0  32613.47 99 
035222.0  32613.50 99 
035232.0  32613.53 99 
035242.0  32613.46 99 
035252.0  32613.49 99 
035302.0  32613.60 99 
035312.0  32613.58 99 
035322.0  32613.65 99 
035332.0  32613.65 99 
035342.0  32613.61 99 
035352.0  32613.66 99 
035402.0  32613.60 99 
035412.0  32613.64 99 
035422.0  32613.66 99 
035432.0  32613.69 99 
035442.0  32613.77 99 
035452.0  32613.85 99 
035502.0  32613.84 99 
035512.0  32613.75 99 
035522.0  32613.82 99 
035532.0  32613.77 99 
035542.0  32613.76 99 
035552.0  32613.84 99 
035602.0  32613.81 99 
035612.0  32613.78 99 
035622.0  32613.82 99 
035632.0  32613.88 99 
035642.0  32613.77 99 
035652.0  32613.79 99 
035702.0  32613.81 99 
035712.0  32613.79 99 
035722.0  32613.87 99 
035732.0  32613.78 99 
035742.0  32613.60 99 
035752.0  32613.55 99 
035802.0  32613.72 99 
035812.0  32613.74 99 
035822.0  32613.71 99 
035832.0  32613.68 99 
035842.0  32613.59 99 
035852.0  32613.71 99 
035902.0  32613.81 99 
035912.0  32613.67 99 
035922.0  32613.75 99 
035932.0  32613.67 99 
035942.0  32613.69 99 
035952.0  32613.79 99 
040002.0  32613.80 99 
040012.0  32613.64 99 
040022.0  32613.82 99 
040032.0  32613.83 99 
040042.0  32613.75 99 
040052.0  32613.72 99 
040102.0  32613.70 99 
040112.0  32613.69 99 
040122.0  32613.84 99 
040132.0  32613.85 99 
040142.0  32613.81 99 
040152.0  32613.89 99 
040202.0  32613.88 99 
040212.0  32613.76 99 
040222.0  32613.92 99 
040232.0  32614.08 99 
040242.0  32614.08 99 
040252.0  32614.06 99 
040302.0  32613.93 99 
040312.0  32613.96 99 
040322.0  32614.06 99 
040332.0  32614.10 99 
040342.0  32614.05 99 
040352.0  32614.10 99 
040402.0  32614.15 99 
040412.0  32614.06 99 
040422.0  32614.09 99 
040432.0  32614.18 99 
040442.0  32614.17 99 
040452.0  32614.15 99 
040502.0  32614.19 99 
040512.0  32614.23 99 
040522.0  32614.17 99 
040532.0  32614.16 99 
040542.0  32614.17 99 
040552.0  32614.21 99 
040602.0  32614.26 99 
040612.0  32614.24 99 
040622.0  32614.22 99 
040632.0  32614.21 99 
040642.0  32614.27 99 
040652.0  32614.30 99 
040702.0  32614.34 99 
040712.0  32614.18 99 
040722.0  32614.12 99 
040732.0  32614.22 99 
040742.0  32614.28 99 
040752.0  32614.31 99 
040802.0  32614.24 99 
040812.0  32614.18 99 
040822.0  32614.38 99 
040832.0  32614.40 99 
040842.0  32614.37 99 
040852.0  32614.35 99 
040902.0  32614.45 99 
040912.0  32614.30 99 
040922.0  32614.42 99 
040932.0  32614.41 99 
040942.0  32614.39 99 
040952.0  32614.30 99 
041002.0  32614.35 99 
041012.0  32614.36 99 
041022.0  32614.40 99 
041032.0  32614.30 99 
041042.0  32614.34 99 
041052.0  32614.34 99 
041102.0  32614.38 99 
041112.0  32614.44 99 
041122.0  32614.37 99 
041132.0  32614.44 99 
041142.0  32614.31 99 
041152.0  32614.31 99 
041202.0  32614.34 99 
041212.0  32614.36 99 
041222.0  32614.28 99 
041232.0  32614.19 99 
041242.0  32614.33 99 
041252.0  32614.39 99 
041302.0  32614.38 99 
041312.0  32614.34 99 
041322.0  32614.29 99 
041332.0  32614.16 99 
041342.0  32614.18 99 
041352.0  32614.24 99 
041402.0  32614.23 99 
041412.0  32614.15 99 
041422.0  32614.03 99 
041432.0  32614.10 99 
041442.0  32614.08 99 
041452.0  32614.09 99 
041502.0  32613.97 99 
041512.0  32613.99 99 
041522.0  32613.98 99 
041532.0  32614.04 99 
041542.0  32614.05 99 
041552.0  32613.97 99 
041602.0  32613.88 99 
041612.0  32613.92 99 
041622.0  32613.92 99 
041632.0  32613.97 99 
041642.0  32613.95 99 
041652.0  32613.90 99 
041702.0  32613.92 99 
041712.0  32613.84 99 
041722.0  32614.06 99 
041732.0  32613.88 99 
041742.0  32613.98 99 
041752.0  32613.92 99 
041802.0  32613.91 99 
041812.0  32613.92 99 
041822.0  32613.97 99 
041832.0  32614.03 99 
041842.0  32613.99 99 
041852.0  32613.87 99 
041902.0  32613.93 99 
041912.0  32613.93 99 
041922.0  32613.92 99 
041932.0  32613.96 99 
041942.0  32613.93 99 
041952.0  32613.88 99 
042002.0  32613.94 99 
042012.0  32613.96 99 
042022.0  32613.98 99 
042032.0  32614.10 99 
042042.0  32614.01 99 
042052.0  32614.03 99 
042102.0  32614.01 99 
042112.0  32614.08 99 
042122.0  32614.05 99 
042132.0  32613.99 99 
042142.0  32614.06 99 
042152.0  32614.06 99 
042202.0  32613.99 99 
042212.0  32614.05 99 
042222.0  32614.06 99 
042232.0  32614.01 99 
042242.0  32613.99 99 
042252.0  32614.02 99 
042302.0  32613.96 99 
042312.0  32613.99 99 
042322.0  32614.06 99 
042332.0  32614.08 99 
042342.0  32614.07 99 
042352.0  32613.95 99 
042402.0  32614.00 99 
042412.0  32614.06 99 
042422.0  32614.18 99 
042432.0  32614.20 99 
042442.0  32614.17 99 
042452.0  32614.05 99 
042502.0  32614.04 99 
042512.0  32614.10 99 
042522.0  32614.13 99 
042532.0  32614.18 99 
042542.0  32614.08 99 
042552.0  32614.08 99 
042602.0  32614.15 99 
042612.0  32614.17 99 
042622.0  32614.23 99 
042632.0  32614.20 99 
042642.0  32614.07 99 
042652.0  32614.29 99 
042702.0  32614.26 99 
042712.0  32614.32 99 
042722.0  32614.26 99 
042732.0  32614.27 99 
042742.0  32614.22 99 
042752.0  32614.40 99 
042802.0  32614.29 99 
042812.0  32614.38 99 
042822.0  32614.41 99 
042832.0  32614.30 99 
042842.0  32614.37 99 
042852.0  32614.46 99 
042902.0  32614.44 99 
042912.0  32614.40 99 
042922.0  32614.56 99 
042932.0  32614.52 99 
042942.0  32614.54 99 
042952.0  32614.52 99 
043002.0  32614.68 99 
043012.0  32614.40 99 
043022.0  32614.59 99 
043032.0  32614.52 99 
043042.0  32614.64 99 
043052.0  32614.44 99 
043102.0  32614.58 99 
043112.0  32614.52 99 
043122.0  32614.62 99 
043132.0  32614.56 99 
043142.0  32614.63 99 
043152.0  32614.61 99 
043202.0  32614.58 99 
043212.0  32614.53 99 
043222.0  32614.57 99 
043232.0  32614.58 99 
043242.0  32614.70 99 
043252.0  32614.49 99 
043302.0  32614.47 99 
043312.0  32614.61 99 
043322.0  32614.61 99 
043332.0  32614.67 99 
043342.0  32614.50 99 
043352.0  32614.42 99 
043402.0  32614.42 99 
043412.0  32614.50 99 
043422.0  32614.63 99 
043432.0  32614.57 99 
043442.0  32614.43 99 
043452.0  32614.32 99 
043502.0  32614.46 99 
043512.0  32614.43 99 
043522.0  32614.56 99 
043532.0  32614.52 99 
043542.0  32614.44 99 
043552.0  32614.49 99 
043602.0  32614.47 99 
043612.0  32614.38 99 
043622.0  32614.54 99 
043632.0  32614.40 99 
043642.0  32614.47 99 
043652.0  32614.55 99 
043702.0  32614.55 99 
043712.0  32614.49 99 
043722.0  32614.36 99 
043732.0  32614.40 99 
043742.0  32614.61 99 
043752.0  32614.64 99 
043802.0  32614.57 99 
043812.0  32614.47 99 
043822.0  32614.39 99 
043832.0  32614.44 99 
043842.0  32614.40 99 
043852.0  32614.49 99 
043902.0  32614.59 99 
043912.0  32614.53 99 
043922.0  32614.58 99 
043932.0  32614.48 99 
043942.0  32614.45 99 
043952.0  32614.49 99 
044002.0  32614.48 99 
044012.0  32614.56 99 
044022.0  32614.51 99 
044032.0  32614.60 99 
044042.0  32614.58 99 
044052.0  32614.67 99 
044102.0  32614.68 99 
044112.0  32614.73 99 
044122.0  32614.67 99 
044132.0  32614.56 99 
044142.0  32614.59 99 
044152.0  32614.71 99 
044202.0  32614.66 99 
044212.0  32614.60 99 
044222.0  32614.63 99 
044232.0  32614.65 99 
044242.0  32614.77 99 
044252.0  32614.71 99 
044302.0  32614.60 99 
044312.0  32614.74 99 
044322.0  32614.69 99 
044332.0  32614.80 99 
044342.0  32614.86 99 
044352.0  32614.84 99 
044402.0  32614.84 99 
044412.0  32614.71 99 
044422.0  32614.67 99 
044432.0  32614.69 99 
044442.0  32614.66 99 
044452.0  32614.70 99 
044502.0  32614.96 99 
044512.0  32614.77 99 
044522.0  32614.73 99 
044532.0  32614.63 99 
044542.0  32614.47 99 
044552.0  32614.65 99 
044602.0  32614.86 99 
044612.0  32614.95 99 
044622.0  32614.84 99 
044632.0  32614.75 99 
044642.0  32614.63 99 
044652.0  32614.65 99 
044702.0  32614.76 99 
044712.0  32614.82 99 
044722.0  32614.77 99 
044732.0  32614.77 99 
044742.0  32614.73 99 
044752.0  32614.68 99 
044802.0  32614.69 99 
044812.0  32614.77 99 
044822.0  32614.70 99 
044832.0  32614.70 99 
044842.0  32614.67 99 
044852.0  32614.76 99 
044902.0  32614.83 99 
044912.0  32614.81 99 
044922.0  32614.89 99 
044932.0  32614.89 99 
044942.0  32614.93 99 
044952.0  32614.75 99 
045002.0  32614.92 99 
045012.0  32614.84 99 
045022.0  32615.01 99 
045032.0  32615.14 99 
045042.0  32615.20 99 
045052.0  32615.29 99 
045102.0  32615.32 99 
045112.0  32615.28 99 
045122.0  32615.21 99 
045132.0  32615.21 99 
045142.0  32615.17 99 
045152.0  32615.06 99 
045202.0  32614.95 99 
045212.0  32614.94 99 
045222.0  32615.02 99 
045232.0  32615.03 99 
045242.0  32615.14 99 
045252.0  32615.15 99 
045302.0  32615.11 99 
045312.0  32615.12 99 
045322.0  32615.01 99 
045332.0  32614.90 99 
045342.0  32614.86 99 
045352.0  32614.92 99 
045402.0  32614.94 99 
045412.0  32614.97 99 
045422.0  32614.83 99 
045432.0  32614.91 99 
045442.0  32614.85 99 
045452.0  32614.80 99 
045502.0  32614.89 99 
045512.0  32614.95 99 
045522.0  32614.98 99 
045532.0  32614.90 99 
045542.0  32614.90 99 
045552.0  32614.97 99 
045602.0  32615.07 99 
045612.0  32615.19 99 
045622.0  32615.09 99 
045632.0  32615.26 99 
045642.0  32615.23 99 
045652.0  32615.29 99 
045702.0  32615.30 99 
045712.0  32615.29 99 
045722.0  32615.33 99 
045732.0  32615.32 99 
045742.0  32615.25 99 
045752.0  32615.23 99 
045802.0  32615.29 99 
045812.0  32615.28 99 
045822.0  32615.35 99 
045832.0  32615.37 99 
045842.0  32615.34 99 
045852.0  32615.37 99 
045902.0  32615.23 99 
045912.0  32615.32 99 
045922.0  32615.25 99 
045932.0  32615.18 99 
045942.0  32615.25 99 
045952.0  32615.28 99 
050002.0  32615.16 99 
050012.0  32615.17 99 
050022.0  32615.10 99 
050032.0  32615.18 99 
050042.0  32615.11 99 
050052.0  32615.06 99 
050102.0  32615.12 99 
050112.0  32615.13 99 
050122.0  32615.17 99 
050132.0  32615.05 99 
050142.0  32615.12 99 
050152.0  32615.00 99 
050202.0  32615.07 99 
050212.0  32614.94 99 
050222.0  32615.00 99 
050232.0  32614.84 99 
050242.0  32614.81 99 
050252.0  32614.98 99 
050302.0  32614.85 99 
050312.0  32614.95 99 
